5787818
2454465
5992373
5993477
5993691
5993295
5993637
5993373
5992641
5523234
5991811
5968299
5610025
5990995
5993225
5993289
5992291
5961603
5980417
5992665
5973923
5992045
5984659
5989389
5990893
5961349
5967911
5991417
5989901
5991423
5991887
5785426
5986455
5979945
5989707
5990655
5975001
5963501
5990653
5756121
5985799
5988945
5988715
4071291
3671773
3543536
3542157
5993507
5993199
5993465
5993731
5993729
5992553
5993659
5992695
5993353
5993733
4395233
3671772
3543540
3542160
5989301
5985697
5979929
5993657
3543522
3509158
3542143
5987263
5993585
5993673
5993661
5992901
5993293
5993649
5993647
5984545
5993425
5993021
5910906
4763417
5966927
5993503
5993115
5993487
5993469
5993429
5993419
5993417
5993247
5993415
5993409
5993361
5993359
5993301
5993171
5993309
5992221
5993065
5992013
5197313
5988433
5992447
5879001
5992657
5993211
5987595
5993129
5993451
5993381
5993453
5993579
5991073
5990803
5993167
5993537
5971497
5993719
5993305
5992807
5990797
5993063
5988411
5991499
5993407
5993271
5993109
5993709
5993707
5993595
5992989
5993705
5992913
5992945
5993483
5992915
5991473
5991785
5988707
5993605
5993581
5993423
5993391
5993337
5991415
5992581
5990943
5992749
5992815
5971637
5992647
5991805
5992407
5992273
5991957
5992183
5991409
5992115
5990937
5992119
5990529
5991469
5986635
5987385
5990037
5990049
5989305
3566109
3939884
3500217
3543520
5825737
5992607
5880065
5991601
5987789
5990759
5990081
5989109
5986435
5313530
4035469
5221857
5987147
5983425
5978733
5972921
5975991
4974393
5970045
5971629
5970177
5910258
5949923
5955089
5950445
5946299
5704370
5870425
4022830
5904330
5896258
5875409
3248594
5819161
5862977
5850625
5842625
3415274
5801193
5993735
5993737
5993745
5994329
5993943
5994033
5993925
5985111
5979105
5993833
5994051
5994159
5818369
5994143
5994313
5994043
5815265
5989287
5994303
5994041
5993499
5992881
5993263
5994157
5994155
5993107
5994327
5991897
5994323
5994309
5993697
5989603
5993945
5994299
5993867
5993421
5993855
5994241
5994287
5994235
5994215
4353225
5993831
5986207
5994345
5994341
5993947
5994083
5994293
5994277
5994263
5973335
5994245
5994203
5994213
5994193
5986175
5994153
5994131
5994119
5994117
5994093
5994081
5994067
5994027
5992453
5993987
5992055
5993983
5150817
5993971
5994347
5992055
5993983
